0 0.192154 0.563500 0.033245 0.060000
0 0.167096 0.592688 0.033826 0.059125
0 0.142495 0.617687 0.033494 0.060125
0 0.419631 0.716750 0.031582 0.057000
0 0.394947 0.742875 0.032580 0.058000
0 0.369556 0.767500 0.031666 0.057750
0 0.578915 0.904062 0.028507 0.054875
0 0.604097 0.879812 0.028341 0.054875
0 0.628906 0.854563 0.028258 0.054125
0 0.241523 0.362437 0.050532 0.152625
0 0.290974 0.391625 0.051363 0.142000
0 0.340342 0.423375 0.051197 0.140500
0 0.410863 0.475375 0.041140 0.147500
0 0.458486 0.501812 0.036818 0.135125
0 0.505070 0.539062 0.041722 0.145625
0 0.718044 0.694375 0.034491 0.142500
0 0.760181 0.712187 0.028175 0.118875
0 0.799244 0.737062 0.028341 0.114875
