0 0.242728 0.657938 0.027344 0.179375
0 0.373920 0.632000 0.026928 0.179000
0 0.746676 0.591875 0.038730 0.184000
0 0.326587 0.605563 0.014877 0.049625
0 0.357256 0.608500 0.011220 0.033750
0 0.389669 0.610563 0.011054 0.021375
0 0.698845 0.215562 0.010555 0.070375
0 0.661694 0.215062 0.010223 0.070125
0 0.624127 0.213500 0.011220 0.070750
0 0.393908 0.188250 0.016539 0.070250
0 0.358419 0.176750 0.017370 0.069750
0 0.322016 0.164062 0.018534 0.069375
0 0.390667 0.429812 0.016373 0.064125
0 0.357754 0.421000 0.016705 0.064750
0 0.324842 0.410625 0.016872 0.064750
0 0.601105 0.447750 0.011719 0.064250
0 0.635140 0.449313 0.010805 0.064875
