0 0.233544 0.512000 0.022274 0.054000
0 0.258727 0.500063 0.021941 0.054625
0 0.283993 0.485500 0.022440 0.054000
0 0.388215 0.652875 0.019781 0.051250
0 0.413065 0.641062 0.019947 0.052125
0 0.437168 0.628437 0.019282 0.051875
0 0.551280 0.767125 0.017786 0.048750
0 0.575216 0.755000 0.017121 0.048750
0 0.370803 0.377625 0.047124 0.122750
0 0.406416 0.404562 0.039395 0.111625
0 0.438580 0.433063 0.039727 0.109625
0 0.482588 0.483750 0.038481 0.122000
0 0.516248 0.505188 0.031167 0.104625
0 0.544673 0.536563 0.030834 0.109375
0 0.678815 0.677500 0.035489 0.115250
0 0.706117 0.691500 0.028258 0.079250
0 0.731175 0.715000 0.027676 0.078250
