0 0.316875 0.866770 0.056250 0.133897
0 0.857625 0.780027 0.047250 0.141904
0 0.803625 0.587077 0.044250 0.177714
0 0.402312 0.642126 0.031375 0.165480
0 0.443250 0.354760 0.012500 0.080516
0 0.406750 0.345863 0.013500 0.081406
0 0.369875 0.336521 0.013250 0.080516
0 0.406625 0.080961 0.014250 0.090747
0 0.365250 0.068950 0.015750 0.092082
0 0.323875 0.054715 0.017250 0.091192
0 0.662562 0.101646 0.016875 0.092972
0 0.703937 0.102980 0.016875 0.092972
0 0.746125 0.102869 0.017000 0.094084
0 0.675937 0.371219 0.016375 0.083185
0 0.713125 0.373221 0.016500 0.084075
0 0.268500 0.684386 0.024250 0.189947
0 0.531125 0.175823 0.035000 0.098532
0 0.439500 0.569951 0.012750 0.074511
0 0.473125 0.576290 0.013750 0.070285
0 0.628625 0.522576 0.028500 0.075845
0 0.583500 0.814391 0.044500 0.145685
