1 0.321375 0.723977 0.040500 0.089413
1 0.460938 0.678270 0.039125 0.087411
1 0.598625 0.627669 0.037250 0.090747
1 0.420687 0.531584 0.050875 0.077402
1 0.622188 0.174600 0.045125 0.104982
1 0.806938 0.142571 0.043875 0.137011
1 0.522125 0.495885 0.034500 0.074956
1 0.481375 0.569173 0.036250 0.075178
1 0.504625 0.629560 0.032000 0.053603
1 0.588313 0.551045 0.035875 0.078959
1 0.626000 0.477091 0.034250 0.077402
1 0.679688 0.486432 0.051875 0.080516
1 0.754812 0.573510 0.052375 0.067838
1 0.751188 0.636010 0.036375 0.060276
1 0.812750 0.517682 0.038250 0.080738
1 0.850625 0.436277 0.036000 0.081183
1 0.469000 0.218194 0.052000 0.116993
1 0.889938 0.454293 0.050625 0.082963
1 0.965062 0.548710 0.053125 0.081851
