1 0.288050 0.206742 0.054495 0.112558
1 0.297357 0.460865 0.058835 0.143953
1 0.313223 0.707972 0.040992 0.100260
1 0.271074 0.865307 0.035397 0.096644
1 0.308642 0.977358 0.022184 0.044705
1 0.407118 0.866536 0.034529 0.092737
1 0.444059 0.977358 0.021991 0.044705
1 0.543210 0.867911 0.035108 0.093461
1 0.574267 0.978950 0.023727 0.041522
1 0.442805 0.196615 0.059028 0.108218
1 0.458382 0.448857 0.063368 0.144531
1 0.464506 0.701100 0.039352 0.101562
1 0.596547 0.184317 0.065201 0.110243
1 0.597270 0.414786 0.036941 0.098669
1 0.627894 0.462095 0.045332 0.097512
1 0.599441 0.483435 0.034336 0.057726
1 0.614439 0.699580 0.038677 0.099682
