1 0.469938 0.085409 0.027875 0.044484
1 0.414917 0.147539 0.026833 0.042408
1 0.361708 0.204478 0.026417 0.041815
1 0.462625 0.119365 0.010917 0.036773
1 0.495542 0.135602 0.012917 0.031880
1 0.516708 0.161329 0.013417 0.032028
1 0.537167 0.177788 0.025833 0.045077
1 0.484708 0.195507 0.012083 0.029508
1 0.462583 0.171634 0.012667 0.031287
1 0.405500 0.191578 0.007500 0.052491
1 0.382958 0.203366 0.008583 0.033066
1 0.384917 0.254448 0.011667 0.028470
1 0.432292 0.251112 0.008250 0.029508
1 0.407708 0.276987 0.011417 0.031139
1 0.483250 0.232206 0.023500 0.042408
1 0.430375 0.285587 0.022417 0.039739
1 0.485500 0.276023 0.015000 0.029804
1 0.459000 0.299377 0.016833 0.030546
1 0.487000 0.328737 0.014333 0.030249
1 0.459042 0.352980 0.017917 0.030101
1 0.531292 0.326512 0.013417 0.026097
1 0.504292 0.352684 0.013083 0.016756
1 0.531292 0.374481 0.012917 0.029804
1 0.503292 0.395240 0.014083 0.028618
1 0.425542 0.418743 0.013250 0.017200
1 0.378875 0.370848 0.015750 0.027580
1 0.379292 0.421115 0.015417 0.027877
1 0.455542 0.546486 0.039583 0.056791
1 0.419750 0.496071 0.027833 0.079626
1 0.389125 0.520092 0.027083 0.078440
1 0.359958 0.542927 0.026917 0.077847
