1 0.251312 0.337189 0.047625 0.061388
1 0.354500 0.243105 0.048500 0.065391
1 0.461750 0.150912 0.051250 0.070062
1 0.854250 0.269128 0.070500 0.079626
1 0.480187 0.777246 0.038625 0.090970
1 0.495375 0.709853 0.037250 0.079404
1 0.579875 0.684609 0.039250 0.081851
1 0.569750 0.786810 0.036000 0.072286
1 0.654125 0.759230 0.038250 0.080294
1 0.729062 0.860543 0.044375 0.101423
1 0.683688 0.709742 0.044125 0.098310
1 0.759813 0.617327 0.040625 0.085632
1 0.642187 0.526023 0.043875 0.063612
1 0.839938 0.698510 0.038375 0.084297
1 0.911500 0.810387 0.050250 0.107429
1 0.857938 0.651802 0.048375 0.104315
1 0.519563 0.916815 0.040125 0.093416
