1 0.508125 0.200623 0.030750 0.045819
1 0.561438 0.237544 0.029375 0.047153
1 0.649750 0.304159 0.028750 0.046931
1 0.402500 0.470641 0.013500 0.037367
1 0.419125 0.471308 0.013000 0.036922
1 0.434562 0.471753 0.013375 0.037811
1 0.457750 0.430827 0.027500 0.036477
1 0.521125 0.437945 0.013000 0.038256
1 0.537250 0.438946 0.013750 0.038479
1 0.553250 0.438390 0.013750 0.036922
1 0.642500 0.404915 0.014750 0.041148
1 0.659125 0.406472 0.014750 0.042037
1 0.674312 0.406028 0.013125 0.040258
1 0.501125 0.526246 0.014000 0.068060
1 0.670250 0.481984 0.019000 0.071619
1 0.726375 0.465859 0.015250 0.071842
