1 0.191551 0.125241 0.079861 0.078221
1 0.477503 0.124180 0.045573 0.052373
1 0.761285 0.103106 0.041088 0.053819
1 0.288267 0.220197 0.084346 0.030285
1 0.560113 0.201582 0.087240 0.032407
1 0.819951 0.175781 0.090712 0.049093
1 0.283275 0.312886 0.038484 0.066744
1 0.433160 0.366898 0.047454 0.051119
1 0.730324 0.333719 0.044560 0.053048
1 0.811704 0.277874 0.037182 0.067901
1 0.544198 0.295621 0.037760 0.066937
1 0.152778 0.393808 0.048611 0.050347
1 0.270544 0.463542 0.088831 0.035108
1 0.541884 0.439091 0.092448 0.039448
1 0.816913 0.413098 0.092448 0.046489
1 0.818866 0.544801 0.075231 0.092689
1 0.753038 0.618490 0.035880 0.064525
1 0.542679 0.566792 0.077546 0.093461
1 0.272569 0.585552 0.075810 0.088927
1 0.128111 0.648293 0.050203 0.058931
1 0.436632 0.633439 0.043981 0.062211
1 0.816985 0.667342 0.068866 0.085455
1 0.824508 0.806134 0.082755 0.092400
1 0.534578 0.805797 0.086516 0.077257
1 0.242332 0.826100 0.084491 0.092400
