1 0.483125 0.605205 0.004750 0.020018
1 0.492417 0.610543 0.005000 0.022094
1 0.501625 0.615807 0.005583 0.021352
1 0.557375 0.649021 0.006583 0.020166
1 0.592667 0.628559 0.026667 0.033215
1 0.648917 0.528321 0.026333 0.036477
1 0.620833 0.481168 0.018000 0.024021
1 0.610625 0.483022 0.005750 0.020018
1 0.599833 0.469454 0.016167 0.020463
1 0.577417 0.478277 0.007167 0.024466
1 0.566333 0.473754 0.006333 0.021056
1 0.555708 0.466489 0.006917 0.024614
1 0.542125 0.450400 0.005583 0.021204
1 0.532792 0.447435 0.005750 0.021797
