0 0.858249 0.773991 0.0457138 0.147961 0.907961
0 0.364883 0.06809 0.0162792 0.0927414 0.896403
0 0.713845 0.374665 0.0154304 0.0866506 0.888479
0 0.316361 0.869417 0.0558002 0.128721 0.885324
0 0.704548 0.105507 0.0171467 0.0916984 0.879497
0 0.443355 0.354947 0.014258 0.0863773 0.87721
0 0.583818 0.814737 0.0452476 0.145852 0.863137
0 0.663456 0.101636 0.0178951 0.0910328 0.853018
0 0.266345 0.676194 0.0313996 0.181288 0.847622
0 0.402032 0.651791 0.0276657 0.182634 0.842336
0 0.406019 0.0834436 0.0152619 0.085723 0.842285
0 0.746986 0.102635 0.0182251 0.0978454 0.839508
0 0.676563 0.372665 0.0160972 0.0851784 0.83572
0 0.473893 0.574149 0.0129349 0.0690083 0.815053
0 0.369542 0.337756 0.0137994 0.080733 0.813857
0 0.807732 0.591653 0.0399271 0.188737 0.804877
0 0.439265 0.570583 0.0131452 0.0744715 0.801185
0 0.323432 0.0570125 0.0194778 0.08664 0.787934
0 0.627957 0.518942 0.0264308 0.0796951 0.757456
0 0.407052 0.348264 0.0148859 0.0789283 0.738021
0 0.530833 0.177637 0.0337013 0.101493 0.721129
0 0.487062 0.369587 0.0208471 0.0428461 0.670853
1 0.783757 0.314991 0.0142824 0.0230363 0.462592
1 0.776022 0.147841 0.0211411 0.0304879 0.457911
0 0.739513 0.37283 0.0113981 0.0386914 0.405952
0 0.441092 0.576107 0.016482 0.0673864 0.360895
0 0.577384 0.129818 0.0576673 0.211846 0.353896
1 0.695891 0.194179 0.0107219 0.0189882 0.326953
