0 0.283375 0.484889 0.0231945 0.0542807 0.93207
0 0.412464 0.641755 0.0194529 0.0521077 0.931942
0 0.258288 0.501541 0.0230143 0.0531317 0.922651
0 0.437752 0.628477 0.0188234 0.0539402 0.902404
0 0.40667 0.405758 0.0395198 0.114197 0.888348
0 0.23388 0.513708 0.0228606 0.0563014 0.871363
0 0.679904 0.674526 0.0322447 0.106903 0.865753
0 0.546671 0.53278 0.0317666 0.101893 0.857761
0 0.575126 0.754399 0.0161325 0.0499844 0.855126
0 0.438566 0.434371 0.0411377 0.107105 0.846329
0 0.483247 0.481505 0.0399672 0.121357 0.842522
0 0.370937 0.376511 0.0438398 0.116985 0.832828
0 0.387573 0.653413 0.0195006 0.0513174 0.827641
0 0.51488 0.503171 0.0282875 0.0972291 0.825963
0 0.706627 0.691712 0.0273872 0.0793429 0.804775
0 0.731936 0.716291 0.0252763 0.076758 0.783808
0 0.551549 0.767529 0.0166719 0.0467944 0.774014
0 0.593659 0.246933 0.0458038 0.061797 0.687246
0 0.710379 0.146475 0.0464197 0.063575 0.526327
0 0.354033 0.510406 0.0118647 0.0499932 0.513417
1 0.455159 0.110052 0.0123299 0.0136153 0.391429
1 0.476123 0.132331 0.0127548 0.0166318 0.297474
1 0.536397 0.874643 0.0177526 0.0364615 0.266276
1 0.388813 0.715533 0.0122087 0.0163321 0.261694
