0 0.192273 0.565233 0.0361209 0.0587264 0.949544
0 0.394679 0.74299 0.0298554 0.0553723 0.919337
0 0.410545 0.476995 0.046796 0.15526 0.919297
0 0.29111 0.392147 0.0524976 0.145718 0.912092
0 0.420451 0.718255 0.0304545 0.0570628 0.91043
0 0.166205 0.591912 0.0317078 0.0559198 0.904865
0 0.60526 0.880234 0.0285171 0.0579369 0.903741
0 0.142086 0.619772 0.0342311 0.061494 0.900516
0 0.629857 0.854708 0.0284408 0.0539103 0.880542
0 0.241508 0.36367 0.0503754 0.155215 0.8744
0 0.760325 0.711219 0.0301703 0.117956 0.872178
0 0.339546 0.424742 0.0512509 0.14066 0.866849
0 0.719834 0.695298 0.0378344 0.139693 0.862316
0 0.799777 0.73676 0.0295256 0.115368 0.858661
0 0.506187 0.54214 0.0432904 0.143349 0.857482
0 0.579653 0.904977 0.0281225 0.0552907 0.856588
0 0.369074 0.768584 0.0288075 0.0619887 0.851371
0 0.458793 0.503616 0.0415117 0.139352 0.847121
1 0.405138 0.127148 0.011818 0.0162543 0.640286
1 0.528523 0.770783 0.0122423 0.0179645 0.593507
0 0.572083 0.242464 0.0522326 0.0775972 0.587349
0 0.679623 0.0544229 0.054692 0.0818824 0.398405
1 0.569835 0.765997 0.0123999 0.0191206 0.377962
1 0.570165 0.757952 0.0119936 0.0138763 0.320308
0 0.112723 0.65367 0.0225041 0.0340922 0.307391
0 0.388759 0.754434 0.0240133 0.0443419 0.281397
