0 0.2715 0.828125 0.0184552 0.0632861 0.916589
0 0.156316 0.596641 0.0216347 0.0672621 0.881506
0 0.122553 0.60686 0.0200348 0.0678132 0.869521
0 0.673888 0.356345 0.0556143 0.074232 0.866283
0 0.0901405 0.613218 0.0214591 0.0673062 0.860272
0 0.390824 0.651162 0.0583832 0.130709 0.85896
0 0.301081 0.821202 0.0158032 0.0635435 0.858738
0 0.518287 0.44108 0.051857 0.0716736 0.857477
0 0.286526 0.483137 0.0647048 0.134232 0.842594
0 0.238258 0.835227 0.0170387 0.0637065 0.830044
0 0.456179 0.718281 0.0357508 0.0875746 0.814456
0 0.571547 0.942473 0.0459451 0.115053 0.766621
0 0.601822 0.959028 0.0287531 0.0720851 0.73278
0 0.42679 0.681956 0.0363578 0.0938029 0.638699
0 0.627248 0.978057 0.0229105 0.0438852 0.501497
0 0.324524 0.521163 0.0485191 0.11314 0.432618
1 0.388856 0.234079 0.0117501 0.0141615 0.390029
0 0.42999 0.672821 0.0323561 0.0793782 0.304177
1 0.411376 0.267769 0.0120966 0.0169674 0.275016
1 0.412468 0.2699 0.0131258 0.015679 0.273008
