0 0.601871 0.448722 0.0120811 0.0641387 0.899461
0 0.391252 0.429981 0.0163119 0.0643957 0.874918
0 0.394266 0.188913 0.0175404 0.0712489 0.859251
0 0.32687 0.607076 0.0142924 0.0461086 0.829615
0 0.243362 0.661739 0.0291932 0.17216 0.821865
0 0.260855 0.835052 0.0427825 0.116656 0.819366
0 0.745396 0.590075 0.036094 0.163601 0.798345
0 0.322541 0.165005 0.0184074 0.0747803 0.792988
0 0.358593 0.421787 0.0154314 0.0647195 0.761086
0 0.324745 0.410791 0.0145928 0.0617779 0.750305
0 0.635717 0.450662 0.0114678 0.0660956 0.748702
0 0.373331 0.6374 0.0309911 0.170523 0.744372
0 0.625165 0.212861 0.0132395 0.071756 0.738881
0 0.359447 0.176185 0.0168068 0.0694595 0.728405
0 0.699316 0.217329 0.0132286 0.0682482 0.702336
0 0.662143 0.214516 0.0126062 0.0698986 0.68917
1 0.316999 0.31853 0.0133906 0.0143528 0.42488
0 0.389382 0.6154 0.00938371 0.0472347 0.413612
0 0.389952 0.614015 0.00838832 0.028741 0.412851
1 0.699573 0.405538 0.0149612 0.0182086 0.35608
0 0.760684 0.760402 0.0403945 0.12189 0.322137
0 0.358354 0.605396 0.00929662 0.0428387 0.313274
1 0.17183 0.562264 0.00888075 0.0165792 0.312436
1 0.335605 0.301625 0.0116716 0.017249 0.30846
1 0.780623 0.219678 0.0100255 0.0191457 0.270914
1 0.698879 0.40934 0.0139488 0.0187908 0.253892
