1 0.485852 0.333075 0.0128251 0.0200101 0.677323
1 0.63657 0.292475 0.0163129 0.0214445 0.665683
1 0.603581 0.338059 0.0156433 0.0247511 0.615365
1 0.588886 0.424275 0.0114177 0.010881 0.576002
1 0.577084 0.372592 0.0113129 0.0161124 0.462186
1 0.486903 0.327115 0.0139214 0.0204167 0.459066
1 0.544778 0.37465 0.0116387 0.0124377 0.436811
1 0.617382 0.374249 0.0100291 0.0205799 0.419307
1 0.493568 0.279749 0.0091651 0.0216925 0.396025
1 0.636728 0.298041 0.0172216 0.0275448 0.389455
1 0.483489 0.347904 0.012314 0.0162838 0.374763
1 0.572436 0.372608 0.00995599 0.0171305 0.366604
1 0.587706 0.426359 0.0132631 0.0142459 0.334438
1 0.622547 0.464342 0.0246468 0.0362542 0.313218
1 0.495298 0.274941 0.00998096 0.0164781 0.289527
1 0.546342 0.428757 0.00991608 0.0266206 0.2745
1 0.545735 0.358936 0.0105 0.0156021 0.252565
