1 0.795077 0.304493 0.0523679 0.132578 0.906142
1 0.363163 0.250693 0.0631157 0.125859 0.899105
1 0.498357 0.6205 0.0809972 0.168917 0.875771
1 0.579928 0.275332 0.0573328 0.130293 0.874686
1 0.455718 0.415201 0.0439869 0.0901221 0.869839
1 0.568114 0.541113 0.0427921 0.0816367 0.863726
1 0.431433 0.520949 0.0438074 0.081227 0.860148
1 0.597205 0.434563 0.0481904 0.0906764 0.853493
1 0.721043 0.567323 0.0423668 0.0836147 0.84008
1 0.750303 0.462673 0.046301 0.0848867 0.830766
1 0.693739 0.665613 0.0755159 0.121375 0.335802
