1 0.826466 0.806212 0.0816024 0.0917883 0.894385
1 0.271845 0.586176 0.0749011 0.087499 0.870821
1 0.820666 0.54483 0.0712781 0.0910504 0.866135
1 0.534841 0.804786 0.0852948 0.0771688 0.866036
1 0.762193 0.10364 0.040261 0.0529828 0.863488
1 0.241874 0.829298 0.0842713 0.0866998 0.858559
1 0.821906 0.176015 0.087855 0.0467795 0.857814
1 0.544657 0.567701 0.0754957 0.0963028 0.855235
1 0.191125 0.125875 0.0802807 0.0731507 0.848064
1 0.433645 0.365787 0.0452611 0.0509501 0.846994
1 0.729969 0.33421 0.0443769 0.0522008 0.846478
1 0.819446 0.666434 0.0732173 0.0857037 0.837209
1 0.543445 0.439477 0.089128 0.0357681 0.834921
1 0.479024 0.124346 0.046678 0.0527754 0.834091
1 0.127777 0.647799 0.0510944 0.053922 0.830459
1 0.754759 0.617425 0.0341453 0.0615064 0.829788
1 0.817777 0.412738 0.095223 0.044675 0.828048
1 0.267709 0.464334 0.0839227 0.0330713 0.826602
1 0.543895 0.295786 0.0380347 0.0695674 0.82369
1 0.153561 0.394745 0.0457042 0.0484446 0.804972
1 0.283854 0.315901 0.0379027 0.0671389 0.79853
1 0.154112 0.91928 0.0386001 0.0281997 0.782794
1 0.437766 0.633298 0.0455117 0.0585951 0.780344
1 0.561193 0.201497 0.0824605 0.0306607 0.775497
1 0.288423 0.221305 0.0807376 0.0269547 0.770478
1 0.812699 0.278208 0.0363091 0.0682158 0.762809
1 0.467985 0.710323 0.0451072 0.0211503 0.538147
1 0.4201 0.298255 0.0221658 0.0341089 0.286845
1 0.179268 0.53425 0.0289067 0.0194952 0.261513
