1 0.649481 0.526277 0.022198 0.0393362 0.640919
1 0.587485 0.629894 0.0165917 0.0287985 0.629289
1 0.655148 0.531358 0.0151558 0.0310338 0.554226
1 0.621696 0.481302 0.0156128 0.0235099 0.533243
1 0.557136 0.444831 0.0149807 0.0259651 0.526228
1 0.59142 0.629408 0.0215056 0.0293133 0.525212
1 0.645734 0.52724 0.0236422 0.0449738 0.491727
1 0.557067 0.52962 0.0101459 0.0127862 0.397227
1 0.480187 0.607841 0.0102331 0.0182445 0.385655
1 0.529766 0.440304 0.0095578 0.0190105 0.365627
1 0.555311 0.504211 0.0108181 0.0198896 0.350128
1 0.555791 0.637931 0.00854584 0.0272201 0.349866
1 0.66354 0.533473 0.0137726 0.027561 0.340487
1 0.503321 0.616237 0.00958386 0.0218736 0.337789
1 0.572904 0.483001 0.0120328 0.0164347 0.31209
1 0.598374 0.626542 0.0161946 0.0273661 0.305201
1 0.546127 0.446749 0.010861 0.0240711 0.296127
1 0.488265 0.610636 0.0116732 0.0233235 0.258951
1 0.594465 0.48208 0.00953088 0.017109 0.255642
1 0.55655 0.490623 0.0107271 0.00781739 0.253348
