1 0.911455 0.808887 0.0506836 0.104808 0.900188
1 0.683307 0.711844 0.0450401 0.0991998 0.896587
1 0.729139 0.859443 0.0448324 0.0963758 0.875818
1 0.252465 0.335234 0.0470364 0.0631965 0.872263
1 0.519083 0.916735 0.0412273 0.0918402 0.870089
1 0.463641 0.148372 0.0500913 0.0659988 0.868748
1 0.858295 0.650184 0.0466398 0.0991372 0.860485
1 0.760241 0.619947 0.0373313 0.084633 0.85964
1 0.355499 0.242766 0.0492323 0.0662018 0.844446
1 0.839941 0.696635 0.0356045 0.0778762 0.838812
1 0.654904 0.757268 0.03613 0.0776094 0.833693
1 0.570551 0.790319 0.034363 0.0587684 0.822283
1 0.643135 0.525807 0.0453286 0.0579198 0.81856
1 0.579367 0.685381 0.0389099 0.0803774 0.813133
1 0.495891 0.714591 0.0361398 0.0830053 0.812823
1 0.48029 0.780145 0.0382238 0.0914777 0.803072
1 0.329393 0.289567 0.0297233 0.0923977 0.678412
1 0.854237 0.268616 0.0692909 0.0817943 0.614721
1 0.514269 0.0469863 0.0292948 0.0629744 0.60716
1 0.484341 0.592853 0.0322671 0.0462111 0.580176
1 0.845759 0.689268 0.0310993 0.0849554 0.498519
1 0.225705 0.387574 0.022864 0.0684321 0.477454
1 0.430371 0.101788 0.0295022 0.0461146 0.426775
1 0.634703 0.109088 0.0205994 0.0533912 0.395931
1 0.589078 0.42334 0.0192925 0.0298066 0.311534
1 0.634544 0.815511 0.0132889 0.0364633 0.294693
1 0.381245 0.524134 0.0211804 0.0608121 0.286783
1 0.715795 0.609343 0.0161382 0.0237656 0.284924
1 0.332429 0.295163 0.0241084 0.0808438 0.268356
