1 0.440826 0.373527 0.0133217 0.0220063 0.65202
1 0.35476 0.443127 0.0155909 0.0181159 0.636555
1 0.385789 0.512035 0.0123898 0.018585 0.602882
1 0.466842 0.496193 0.0115076 0.0165218 0.596059
1 0.37632 0.421345 0.0116284 0.0169376 0.577183
1 0.422629 0.363463 0.0123711 0.0157416 0.511797
1 0.351288 0.441 0.016228 0.0189937 0.483285
1 0.402521 0.401025 0.0125723 0.0192532 0.467255
1 0.39441 0.434556 0.0104916 0.0218374 0.428816
1 0.435145 0.369722 0.0116575 0.0203063 0.426977
1 0.420963 0.506749 0.00908377 0.0150826 0.42008
1 0.392337 0.429475 0.0104346 0.0184533 0.414591
1 0.455412 0.497338 0.00987701 0.0175339 0.403823
1 0.374809 0.419551 0.0131565 0.0145478 0.388711
1 0.369281 0.47586 0.00971967 0.0204209 0.33328
1 0.357664 0.681451 0.0147569 0.0295836 0.306241
1 0.368939 0.47922 0.00986047 0.020597 0.274124
1 0.431035 0.504462 0.00633621 0.0167918 0.270502
1 0.422007 0.368607 0.0100476 0.0195989 0.262223
1 0.41447 0.443026 0.00972366 0.0134539 0.257035
1 0.445757 0.501505 0.00754089 0.020747 0.254123
