1 0.507561 0.199771 0.030823 0.0440449 0.785638
1 0.458503 0.430069 0.0262848 0.0369613 0.725837
1 0.669998 0.483619 0.0173636 0.0696242 0.724444
1 0.650244 0.304077 0.028072 0.0443728 0.718705
1 0.501584 0.528166 0.0151713 0.0663604 0.705925
1 0.562598 0.23603 0.0282082 0.0462351 0.701909
1 0.725715 0.464841 0.014931 0.0658156 0.668181
1 0.641744 0.405172 0.0140351 0.0419369 0.59195
1 0.519962 0.437738 0.0116368 0.0346726 0.538862
1 0.43448 0.470174 0.0148987 0.0361691 0.516124
1 0.674511 0.405511 0.0139685 0.0404075 0.50639
1 0.67139 0.405932 0.016249 0.0430919 0.501967
1 0.552419 0.437922 0.0114832 0.0387011 0.492502
1 0.657764 0.405298 0.0120518 0.0419079 0.481463
1 0.418448 0.468999 0.0125811 0.0375829 0.480793
1 0.554554 0.439676 0.0124737 0.0380497 0.474596
1 0.715883 0.405089 0.0109519 0.0258882 0.454473
1 0.537993 0.438507 0.0134334 0.0394326 0.451055
1 0.401795 0.469532 0.0131962 0.0365828 0.427392
1 0.536052 0.438329 0.0126735 0.0366267 0.384398
1 0.565448 0.440272 0.0110803 0.0301218 0.382828
1 0.734278 0.407094 0.0121237 0.0220842 0.368245
1 0.649195 0.306227 0.0285261 0.0325575 0.30983
1 0.637918 0.40469 0.0171907 0.0377059 0.273687
1 0.737373 0.408018 0.013134 0.0180585 0.269593
1 0.0107196 0.349346 0.0177033 0.0342257 0.263637
