1 0.416185 0.148435 0.0283612 0.0414613 0.776013
1 0.464536 0.543519 0.0201573 0.0535246 0.751837
1 0.379392 0.369135 0.0163188 0.0271471 0.727731
1 0.530575 0.375033 0.015795 0.0260812 0.712291
1 0.390307 0.519332 0.0239419 0.0794869 0.650912
1 0.362859 0.541113 0.0224337 0.0760846 0.626549
1 0.470221 0.0844692 0.0264729 0.0420447 0.623833
1 0.421149 0.49977 0.0231132 0.0645856 0.619836
1 0.36589 0.207034 0.0205306 0.0354653 0.602559
1 0.503486 0.39497 0.0148023 0.028256 0.596147
1 0.542517 0.182464 0.0119957 0.0206878 0.586916
1 0.531698 0.329134 0.0131277 0.0184756 0.547633
1 0.485315 0.277127 0.0129339 0.0258175 0.522793
1 0.362958 0.203731 0.0248386 0.0397401 0.519099
1 0.501976 0.298155 0.012881 0.0195234 0.51436
1 0.392453 0.528011 0.0180066 0.0833949 0.509742
1 0.381014 0.419506 0.013356 0.0178417 0.482842
1 0.383249 0.195635 0.00944397 0.0217427 0.481462
1 0.544436 0.187842 0.011931 0.0251924 0.471986
1 0.421732 0.483525 0.0212168 0.0663896 0.468629
1 0.482502 0.228766 0.0202547 0.034081 0.466029
1 0.500847 0.393515 0.0172344 0.0237836 0.441633
1 0.483659 0.187437 0.01302 0.0263473 0.440809
1 0.408217 0.27925 0.014482 0.0267772 0.439778
1 0.384999 0.256121 0.0106736 0.0226422 0.43841
1 0.461443 0.352721 0.0126552 0.0243876 0.43633
1 0.432036 0.259965 0.0122419 0.020338 0.433618
1 0.459362 0.298422 0.0150763 0.0256331 0.416359
1 0.496732 0.114233 0.0154029 0.0215211 0.416093
1 0.374141 0.421296 0.0116368 0.0151442 0.401357
1 0.506741 0.346123 0.0118279 0.0213402 0.397792
1 0.536551 0.177553 0.0141014 0.018198 0.381681
1 0.493518 0.624288 0.00904959 0.0114171 0.373915
1 0.404548 0.171577 0.00715543 0.0168708 0.350398
1 0.515797 0.136698 0.0151041 0.0249555 0.348649
1 0.482014 0.619935 0.012154 0.0140472 0.34505
1 0.407374 0.241129 0.0112807 0.0171588 0.305551
1 0.385184 0.250495 0.0107174 0.0210555 0.301496
1 0.463996 0.110164 0.0139806 0.011469 0.299427
1 0.463981 0.350322 0.0119641 0.0229033 0.299355
1 0.464249 0.174787 0.0110922 0.0172584 0.296981
1 0.487782 0.280537 0.0130232 0.0227684 0.294552
1 0.42681 0.399725 0.014156 0.0198059 0.285128
1 0.35355 0.2486 0.00892236 0.0124901 0.284745
1 0.425896 0.415219 0.0141375 0.0177012 0.276082
1 0.431781 0.280024 0.0116142 0.0210723 0.270226
1 0.515961 0.153357 0.0146337 0.0109228 0.269279
1 0.503249 0.301412 0.0113224 0.0212836 0.267103
1 0.507573 0.171538 0.00774554 0.0215171 0.256669
1 0.460656 0.174413 0.010857 0.0156758 0.251491
