1 0.569659 0.509486 0.0142454 0.0256869 0.686988
1 0.446408 0.502484 0.0110075 0.0198655 0.61896
1 0.522381 0.402899 0.0129892 0.0213253 0.575205
1 0.524094 0.400399 0.0146255 0.020142 0.555035
1 0.481817 0.442592 0.0132471 0.0281468 0.543044
1 0.533364 0.563159 0.0094696 0.0197221 0.498081
1 0.532318 0.566393 0.0100551 0.0244219 0.480001
1 0.488852 0.443368 0.0117965 0.0274387 0.469166
1 0.537738 0.553693 0.0143872 0.0171304 0.381524
1 0.573042 0.506715 0.0166777 0.0219881 0.379333
1 0.493545 0.505274 0.0103797 0.0160468 0.35148
1 0.508924 0.403753 0.00909674 0.0151431 0.342857
1 0.44727 0.499034 0.01098 0.020358 0.33146
1 0.450565 0.500763 0.0128162 0.0230642 0.288152
