1 0.313761 0.708114 0.040489 0.0990568 0.913702
1 0.465631 0.703254 0.0408182 0.0999819 0.905362
1 0.296946 0.457711 0.0595123 0.140551 0.89837
1 0.614892 0.700487 0.0410287 0.0990134 0.8745
1 0.596576 0.183369 0.0652156 0.108746 0.87213
1 0.288672 0.20692 0.054206 0.111162 0.866919
1 0.271538 0.865367 0.0362936 0.096177 0.861391
1 0.54392 0.869648 0.0348774 0.0925453 0.851998
1 0.407715 0.867252 0.0348848 0.09375 0.845243
1 0.458289 0.449322 0.0609644 0.143006 0.843901
1 0.308112 0.978587 0.0234935 0.0428256 0.836641
1 0.443916 0.196235 0.062035 0.107512 0.834915
1 0.574171 0.979286 0.0231056 0.0414272 0.829295
1 0.443775 0.978721 0.0230984 0.0423021 0.822732
1 0.619624 0.463374 0.0624293 0.0993618 0.766658
1 0.597578 0.420268 0.0355402 0.093622 0.722733
1 0.627415 0.293784 0.0210422 0.0275647 0.279069
