1 0.80796 0.141945 0.0442682 0.135724 0.908057
1 0.812959 0.520114 0.0366743 0.0821585 0.865806
1 0.624896 0.476851 0.0349706 0.0753833 0.852817
1 0.587993 0.550691 0.0351254 0.0763973 0.85272
1 0.460968 0.673871 0.0377361 0.0983698 0.851193
1 0.597535 0.626288 0.0386307 0.0923764 0.849176
1 0.850041 0.436815 0.0366543 0.0742724 0.848787
1 0.322105 0.725389 0.0384953 0.0930074 0.842497
1 0.420941 0.5286 0.0493148 0.0762172 0.838134
1 0.521175 0.494813 0.0329349 0.0747024 0.830275
1 0.481794 0.567631 0.036872 0.0711002 0.828081
1 0.753074 0.572533 0.0481825 0.0673068 0.817394
1 0.966012 0.548763 0.052606 0.081839 0.805683
1 0.679933 0.484346 0.0487798 0.0760878 0.804404
1 0.625477 0.17552 0.039695 0.0986478 0.803203
1 0.469861 0.21575 0.0518521 0.113563 0.757012
1 0.431224 0.688904 0.0235085 0.0592291 0.733587
1 0.458161 0.0214467 0.0243771 0.0412374 0.714354
1 0.889913 0.451331 0.0512436 0.0790154 0.702594
1 0.576699 0.15588 0.0219668 0.0335497 0.665265
1 0.544763 0.654212 0.0263373 0.0482773 0.589876
1 0.516859 0.956914 0.0285633 0.0811575 0.585381
1 0.412619 0.840578 0.0149113 0.0535643 0.556769
1 0.616808 0.180809 0.0595564 0.0934432 0.55618
1 0.505332 0.632591 0.0327974 0.0456173 0.529369
1 0.928924 0.506184 0.0196373 0.0289136 0.501193
1 0.537386 0.816719 0.0141769 0.0385571 0.499993
1 0.370891 0.835775 0.0149716 0.0234478 0.410036
1 0.448716 0.121385 0.0191206 0.0402089 0.398143
1 0.233113 0.110459 0.0228414 0.0623273 0.372562
1 0.760313 0.061484 0.022049 0.0361704 0.365592
1 0.537266 0.810247 0.0151636 0.0518168 0.310397
1 0.440995 0.179939 0.0190207 0.0352523 0.29913
1 0.803335 0.354623 0.0120839 0.060112 0.295545
1 0.4211 0.899158 0.0180836 0.0538965 0.259978
1 0.7519 0.63678 0.0401508 0.0633394 0.252687
