1 0.331771 0.0430275 0.0273004 0.0809578 0.854342
1 0.515097 0.568363 0.0223545 0.0680433 0.832541
1 0.492327 0.271549 0.0239403 0.068522 0.80274
1 0.51651 0.308922 0.0222891 0.0533306 0.799567
1 0.411566 0.149452 0.021542 0.0562691 0.793917
1 0.375943 0.0922269 0.0234583 0.053647 0.767493
1 0.333094 0.19877 0.0231955 0.0765956 0.703192
1 0.30674 0.140693 0.0222417 0.0711602 0.681951
1 0.451128 0.343372 0.0177587 0.0703215 0.607076
1 0.459632 0.652806 0.0121348 0.0199636 0.435849
1 0.462118 0.654781 0.0141945 0.0224984 0.369328
